75	Paris	11	1		75
77	Seine-et-Marne	11	1		77
78	Yvelines	11	1		78
91	Essonne	11	1		91
92	Hauts-de-Seine	11	1		92
93	Seine-Saint-Denis	11	1		93
94	Val-de-Marne	11	1		94
95	Val-d'Oise	11	1		95
8	Ardennes	21	1		08
10	Aube	21	1		10
51	Marne	21	1		51
52	Haute-Marne	21	1		52
2	Aisne	22	1		02
60	Oise	22	1		60
80	Somme	22	1		80
27	Eure	23	1		27
76	Seine-Maritime	23	1		76
18	Cher	24	1		18
28	Eure-et-Loir	24	1		28
36	Indre	24	1		36
37	Indre-et-Loire	24	1		37
41	Loir-et-Cher	24	1		41
45	Loiret	24	1		45
14	Calvados	25	1		14
50	Manche	25	1		50
61	Orne	25	1		61
21	Côte-d'Or	26	1		21
58	Nièvre	26	1		58
71	Saône-et-Loire	26	1		71
89	Yonne	26	1		89
59	Nord	31	1		59
62	Pas-de-Calais	31	1		62
54	Meurthe-et-Moselle	41	1		54
55	Meuse	41	1		55
57	Moselle	41	1		57
88	Vosges	41	1		88
67	Bas-Rhin	42	1		67
68	Haut-Rhin	42	1		68
25	Doubs	43	1		25
39	Jura	43	1		39
70	Haute-Saône	43	1		70
90	Territoire de Belfort	43	1		90
44	Loire-Atlantique	52	1		44
49	Maine-et-Loire	52	1		49
53	Mayenne	52	1		53
72	Sarthe	52	1		72
85	Vendée	52	1		85
22	Côtes-d'Armor	53	1		22
29	Finistère	53	1		29
35	Ille-et-Vilaine	53	1		35
56	Morbihan	53	1		56
16	Charente	54	1		16
17	Charente-Maritime	54	1		17
79	Deux-Sèvres	54	1		79
86	Vienne	54	1		86
24	Dordogne	72	1		24
33	Gironde	72	1		33
40	Landes	72	1		40
47	Lot-et-Garonne	72	1		47
64	Pyrénées-Atlantiques	72	1		64
9	Ariège	73	1		09
12	Aveyron	73	1		12
31	Haute-Garonne	73	1		31
32	Gers	73	1		32
46	Lot	73	1		46
65	Hautes-Pyrénées	73	1		65
81	Tarn	73	1		81
82	Tarn-et-Garonne	73	1		82
19	Corrèze	74	1		19
23	Creuse	74	1		23
87	Haute-Vienne	74	1		87
1	Ain	82	1		01
7	Ardèche	82	1		07
26	Drôme	82	1		26
38	Isère	82	1		38
42	Loire	82	1		42
69	Rhône	82	1		69
73	Savoie	82	1		73
74	Haute-Savoie	82	1		74
3	Allier	83	1		03
15	Cantal	83	1		15
43	Haute-Loire	83	1		43
63	Puy-de-Dôme	83	1		63
11	Aude	91	1		11
30	Gard	91	1		30
34	Hérault	91	1		34
48	Lozère	91	1		48
66	Pyrénées-Orientales	91	1		66
4	Alpes-de-Haute-Provence	93	1		04
5	Hautes-Alpes	93	1		05
6	Alpes-Maritimes	93	1		06
13	Bouches-du-Rhône	93	1		13
83	Var	93	1		83
84	Vaucluse	93	1		84
20	Corse	94	1		20
201	Corse-du-Sud	94	1		20
202	Haute-Corse	94	1		20
971	Guadeloupe	1	97000		
972	Martinique	2	97000		
973	Guyane	3	97000		
974	Réunion	4	97000		
975	Saint Pierre et Miquelon	975	98000		
9841	Océan Indien	984	98000		
9842	Terres Australes et Antarc.	984	98000		
9850	Mayotte	985	98000		
9860	Wallis et Futuna	986	98000		
9871	Îles Marquises	987	98000		
9872	Îles de la Société (du vent)	987	98000		
9873	Îles de la Société (ss le vent	987	98000		
9874	Îles Australes	987	98000		
9875	Îles Gambier	987	98000		
9876	Îles Tuamotu	987	98000
9877	Île de Clipperton	987	98000
9881	Nouvelle Calédonie du Nord	988	98000
9882	Nouvelle Calédonie du Sud	988	98000
9883	Îles Loyauté	988	98000
1090101	Alb-Donau	109001	99109
1090102	Biberach	109001	99109
1090103	Böblingen	109001	99109
1090104	Bodenseekreis	109001	99109
1090105	Breisgau-Hochschwarzwald	109001	99109
1090106	Calw	109001	99109
1090107	Constance (Konstanz)	109001	99109
1090108	Emmendingen	109001	99109
1090109	Enzkreis	109001	99109
1090110	Esslingen	109001	99109
1090111	Freudenstadt	109001	99109
1090112	Göppingen	109001	99109
1090113	Heidenheim	109001	99109
1090114	Heilbronn	109001	99109
1090115	Hohenlohekreis	109001	99109
1090116	Karlsruhe	109001	99109
1090117	Lörrach	109001	99109
1090118	Ludwigsburg	109001	99109
1090119	Main-Tauber	109001	99109
1090120	Neckar-Odenwald	109001	99109
1090121	Ortenaukreis	109001	99109
1090122	Ostalbkreis	109001	99109
1090123	Rastatt	109001	99109
1090124	Ravensburg	109001	99109
1090125	Rems-Murr	109001	99109
1090126	Reutlingen	109001	99109
1090127	Rhein-Neckar	109001	99109
1090128	Rottweil	109001	99109
1090129	Schwäbisch Hall	109001	99109
1090130	Schwarzwald-Baar	109001	99109
1090131	Sigmaringen	109001	99109
1090132	Tübingen	109001	99109
1090133	Tuttlingen	109001	99109
1090134	Waldshut	109001	99109
1090135	Zollernalbkreis	109001	99109
1090201	Aichach-Friedberg	109002	99109
1090202	Altötting	109002	99109
1090203	Amberg-Sulzbach	109002	99109
1090204	Ansbach	109002	99109
1090205	Aschaffenburg	109002	99109
1090206	Augsbourg	109002	99109
1090207	Bad Kissingen	109002	99109
1090208	Bad Tölz-Wolfratshausen	109002	99109
1090209	Bamberg	109002	99109
1090210	Bayreuth	109002	99109
1090211	Berchtesgadener Land	109002	99109
1090212	Cham	109002	99109
1090213	Cobourg	109002	99109
1090214	Dachau	109002	99109
1090215	Deggendorf	109002	99109
1090216	Dillingen	109002	99109
1090217	Dingolfing-Landau	109002	99109
1090218	Donau-Ries	109002	99109
1090219	Ebersberg	109002	99109
1090220	Eichstätt	109002	99109
1090221	Erding	109002	99109
1090222	Erlangen-Höchstadt	109002	99109
1090223	Forchheim	109002	99109
1090224	Freising	109002	99109
1090225	Freyung-Grafenau	109002	99109
1090226	Fürstenfeldbruck	109002	99109
1090227	Fürth	109002	99109
1090228	Garmisch-Partenkirchen	109002	99109
1090229	Günzburg	109002	99109
1090230	Haßberge	109002	99109
1090231	Hof	109002	99109
1090232	Kelheim	109002	99109
1090233	Kitzingen	109002	99109
1090234	Kronach	109002	99109
1090235	Kulmbach	109002	99109
1090236	Landsberg	109002	99109
1090237	Landshut	109002	99109
1090238	Lichtenfels	109002	99109
1090239	Lindau	109002	99109
1090240	Main-Spessart	109002	99109
1090241	Miesbach	109002	99109
1090242	Miltenberg	109002	99109
1090243	Mühldorf	109002	99109
1090244	Munich (München)	109002	99109
1090245	Neuburg-Schrobenhausen	109002	99109
1090246	Neumarkt	109002	99109
1090247	Neustadt (Aisch)-Bad Windsheim	109002	99109
1090248	Neustadt (Waldnaab)	109002	99109
1090249	Neu-Ulm	109002	99109
1090250	Nürnberger Land	109002	99109
1090251	Oberallgäu	109002	99109
1090252	Ostallgäu	109002	99109
1090253	Passau	109002	99109
1090254	Pfaffenhofen	109002	99109
1090255	Lüneburg	109002	99109
1090256	Regen	109002	99109
1090257	Rhön-Grabfeld	109002	99109
1090258	Rosenheim	109002	99109
1090259	Roth	109002	99109
1090260	Rottal-Inn	109002	99109
1090261	Schwandorf	109002	99109
1090262	Schweinfurt	109002	99109
1090263	Starnberg	109002	99109
1090264	Straubing-Bogen	109002	99109
1090265	Tirschenreuth	109002	99109
1090266	Traunstein	109002	99109
1090267	Unterallgäu	109002	99109
1090268	Weilheim-Schongau	109002	99109
1090269	Weißenburg-Gunzenhausen	109002	99109
1090270	Wunsiedel	109002	99109
1090271	Würzburg	109002	99109
1090300	Berlin	109003	99109
1090401	Barnim	109004	99109
1090402	Dahme-Spreewald	109004	99109
1090403	Elbe-Elster	109004	99109
1090404	Havelland	109004	99109
1090405	Märkisch-Oderland	109004	99109
1090406	Oberhavel	109004	99109
1090407	Oberspreewald-Lausitz	109004	99109
1090408	Oder-Spree	109004	99109
1090409	Ostprignitz-Ruppin	109004	99109
1090410	Potsdam-Mittelmark	109004	99109
1090411	Prignitz	109004	99109
1090412	Spree-Neiße	109004	99109
1090413	Teltow-Fläming	109004	99109
1090414	Uckermark	109004	99109
1090500	Bremen	109005	99109
1090600	Hamburg	109006	99109
1090701	Bergstraße	109007	99109
1090702	Darmstadt-Dieburg	109007	99109
1090703	Fulda	109007	99109
1090704	Gießen	109007	99109
1090705	Groß-Gerau	109007	99109
1090706	Hersfeld-Rotenburg	109007	99109
1090707	Hochtaunuskreis	109007	99109
1090708	Kassel	109007	99109
1090709	Lahn-Dill	109007	99109
1090710	Limburg-Weilburg	109007	99109
1090711	Main-Kinzig	109007	99109
1090712	Main-Taunus	109007	99109
1090713	Marburg-Biedenkopf	109007	99109
1090714	Odenwaldkreis	109007	99109
1090715	Offenbach	109007	99109
1090716	Rheingau-Taunus	109007	99109
1090717	Schwalm-Eder	109007	99109
1090718	Vogelsbergkreis	109007	99109
1090719	Waldeck-Frankenberg	109007	99109
1090720	Werra-Meißner	109007	99109
1090721	Wetteraukreis	109007	99109
1090801	Bad Doberan	109008	99109
1090802	Demmin	109008	99109
1090803	Güstrow	109008	99109
1090804	Ludwigslust	109008	99109
1090805	Mecklenburg-Strelitz	109008	99109
1090806	Müritz	109008	99109
1090807	Nordvorpommern	109008	99109
1090808	Nordwestmecklenburg	109008	99109
1090809	Ostvorpommern	109008	99109
1090810	Parchim	109008	99109
1090811	Rügen	109008	99109
1090812	Uecker-Randow	109008	99109
1090901	Ammerland	109009	99109
1090902	Aurich	109009	99109
1090903	Bentheim	109009	99109
1090904	Celle	109009	99109
1090905	Cloppenburg	109009	99109
1090906	Cuxhaven	109009	99109
1090907	Diepholz	109009	99109
1090908	Emsland	109009	99109
1090909	Friesland	109009	99109
1090910	Gifhorn	109009	99109
1090911	Goslar	109009	99109
1090912	Göttingen	109009	99109
1090913	Hameln-Pyrmont	109009	99109
1090914	Hannover	109009	99109
1090915	Harburg	109009	99109
1090916	Helmstedt	109009	99109
1090917	Hildesheim	109009	99109
1090918	Holzminden	109009	99109
1090919	Leer	109009	99109
1090920	Lüchow-Dannenberg	109009	99109
1090921	Lüneburg	109009	99109
1090922	Nienburg	109009	99109
1090923	Northeim	109009	99109
1090924	Oldenburg	109009	99109
1090925	Osnabrück	109009	99109
1090926	Osterholz	109009	99109
1090927	Osterode	109009	99109
1090928	Peine	109009	99109
1090929	Rotenburg	109009	99109
1090930	Schaumburg	109009	99109
1090931	Soltau-Fallingbostel	109009	99109
1090932	Stade	109009	99109
1090933	Uelzen	109009	99109
1090934	Vechta	109009	99109
1090935	Verden	109009	99109
1090936	Wesermarsch	109009	99109
1090937	Wittmund	109009	99109
1090938	Wolfenbüttel	109009	99109
1091001	Aachen	109010	99109
1091002	Borken	109010	99109
1091003	Clèves (Kleve)	109010	99109
1091004	Coesfeld	109010	99109
1091005	Düren	109010	99109
1091006	Ennepe-Ruhr	109010	99109
1091007	Erftkreis	109010	99109
1091008	Euskirchen	109010	99109
1091009	Gütersloh	109010	99109
1091010	Heinsberg	109010	99109
1091011	Herford	109010	99109
1091012	Hochsauerland	109010	99109
1091013	Höxter	109010	99109
1091014	Lippe	109010	99109
1091015	Märkischer Kreis	109010	99109
1091016	Mettmann	109010	99109
1091017	Minden-Lübbecke	109010	99109
1091018	Neuss	109010	99109
1091019	Oberbergischer Kreis	109010	99109
1091020	Olpe	109010	99109
1091021	Paderborn	109010	99109
1091022	Recklinghausen	109010	99109
1091023	Rheinisch-Bergischer Kreis	109010	99109
1091024	Rhein-Sieg	109010	99109
1091025	Siegen-Wittgenstein	109010	99109
1091026	Soest	109010	99109
1091027	Steinfurt	109010	99109
1091028	Unna	109010	99109
1091029	Viersen	109010	99109
1091030	Warendorf	109010	99109
1091031	Wesel	109010	99109
1091101	Ahrweiler	109011	99109
1091102	Altenkirchen	109011	99109
1091103	Alzey-Worms	109011	99109
1091104	Bad Dürkheim	109011	99109
1091105	Bad Kreuznach	109011	99109
1091106	Bernkastel-Wittlich	109011	99109
1091107	Birkenfeld	109011	99109
1091108	Bitburg-Prüm	109011	99109
1091109	Cochem-Zell	109011	99109
1091110	Daun	109011	99109
1091111	Donnersbergkreis	109011	99109
1091112	Germersheim	109011	99109
1091113	Kaiserslautern	109011	99109
1091114	Kusel	109011	99109
1091115	Ludwigshafen	109011	99109
1091116	Mainz-Bingen	109011	99109
1091117	Mayen-Koblenz	109011	99109
1091118	Neuwied	109011	99109
1091119	Rhein-Hunsrück	109011	99109
1091120	Rhein-Lahn	109011	99109
1091121	Südliche Weinstraße	109011	99109
1091122	Südwestpfalz	109011	99109
1091123	Trier-Saarburg	109011	99109
1091124	Westerwaldkreis	109011	99109
1091201	Merzig-Wadern	109012	99109
1091202	Neunkirchen	109012	99109
1091203	Saarbrücken (Stadtverband)	109012	99109
1091204	Saarlouis	109012	99109
1091205	Saarpfalz	109012	99109
1091206	Sankt Wendel	109012	99109
1091301	Annaberg	109013	99109
1091302	Aue-Schwarzenberg	109013	99109
1091303	Bautzen	109013	99109
1091304	Chemnitzer Land	109013	99109
1091305	Delitzsch	109013	99109
1091306	Döbeln	109013	99109
1091307	Freiberg	109013	99109
1091308	Kamenz	109013	99109
1091309	Leipziger Land	109013	99109
1091310	Löbau-Zittau	109013	99109
1091311	Meißen	109013	99109
1091312	Mittlerer Erzgebirgskreis	109013	99109
1091313	Mittweida	109013	99109
1091314	Muldentalkreis	109013	99109
1091315	Niederschlesischer Oberlausitz	109013	99109
1091316	Riesa-Großenhain	109013	99109
1091317	Sächsische Schweiz	109013	99109
1091318	Stollberg	109013	99109
1091319	Torgau-Oschatz	109013	99109
1091320	Vogtlandkreis	109013	99109
1091321	Weißeritzkreis	109013	99109
1091322	Zwickauer Land	109013	99109
1091401	Altmarkkreis Salzwedel	109014	99109
1091402	Anhalt-Zerbst	109014	99109
1091403	Aschersleben-Staßfurt	109014	99109
1091404	Bernburg	109014	99109
1091405	Bitterfeld	109014	99109
1091406	Bördekreis	109014	99109
1091407	Burgenlandkreis	109014	99109
1091408	Halberstadt	109014	99109
1091409	Jerichower Land	109014	99109
1091410	Köthen	109014	99109
1091411	Mansfelder Land	109014	99109
1091412	Merseburg-Querfurt	109014	99109
1091413	Ohrekreis	109014	99109
1091414	Quedlinburg	109014	99109
1091415	Saalkreis	109014	99109
1091416	Sangerhausen	109014	99109
1091417	Schönebeck	109014	99109
1091418	Stendal	109014	99109
1091419	Weißenfels	109014	99109
1091420	Wernigerode	109014	99109
1091421	Wittenberg	109014	99109
1091501	Dithmarschen	109015	99109
1091502	Lauenburg	109015	99109
1091503	Nordfriesland	109015	99109
1091504	Ostholstein	109015	99109
1091505	Pinneberg	109015	99109
1091506	Plön	109015	99109
1091507	Rendsburg-Eckernförde	109015	99109
1091508	Schleswig-Flensburg	109015	99109
1091509	Segeberg	109015	99109
1091510	Steinburg	109015	99109
1091511	Stormarn	109015	99109
1091601	Altenburger Land	109015	99109
1091602	Eichsfeld	109015	99109
1091603	Gotha	109015	99109
1091604	Greiz	109015	99109
1091605	Hildburghausen	109015	99109
1091606	Ilm-Kreis	109015	99109
1091607	Kyffhäuserkreis	109015	99109
1091608	Nordhausen	109015	99109
1091609	Saale-Holzland	109015	99109
1091610	Saale-Orla	109015	99109
1091611	Saalfeld-Rudolstadt	109015	99109
1091612	Schmalkalden-Meiningen	109015	99109
1091613	Sömmerda	109015	99109
1091614	Sonneberg	109015	99109
1091615	Unstrut-Hainich	109015	99109
1091616	Wartburgkreis	109015	99109
1091617	Weimarer Land	109015	99109
1260101	Attiki	126001	99126
1260201	Evritania	126002	99126
1260202	Evvoia	126002	99126
1260203	Fokis	126002	99126
1260204	Fthiotis	126002	99126
1260205	Voiotia	126002	99126
1260301	Aitolia kai Akarnania	126003	99126
1260302	Akhaia	126003	99126
1260303	Ilia	126003	99126
1260401	Argolis	126004	99126
1260402	Arkadhia	126004	99126
1260403	Korinthia	126004	99126
1260404	Lakonia	126004	99126
1260405	Messinia	126004	99126
1260501	Kardhitsa	126005	99126
1260502	Larisa	126005	99126
1260503	Magnisia	126005	99126
1260504	Trikala	126005	99126
1260601	Imathia	126006	99126
1260602	Khalkidhiki	126006	99126
1260603	Kilkis	126006	99126
1260604	Pella	126006	99126
1260605	Pieria	126006	99126
1260606	Serrai	126006	99126
1260607	Thessaloniki	126006	99126
1260701	Florina	126007	99126
1260702	Grevena	126007	99126
1260703	Kastoria	126007	99126
1260704	Kozani	126007	99126
1260801	Dhrama	126008	99126
1260802	Evros	126008	99126
1260803	Kavala	126008	99126
1260804	Rodhopi	126008	99126
1260805	Xanthi	126008	99126
1260901	Arta	126009	99126
1260902	Ioannina	126009	99126
1260903	Preveza	126009	99126
1260904	Thesprotia	126009	99126
1261001	Dhodhekanisos	126010	99126
1261002	Kikladhes	126010	99126
1261101	Khios	126011	99126
1261102	Lesvos	126011	99126
1261103	Samos	126011	99126
1261201	Kefallinia	126012	99126
1261202	Kerkira	126012	99126
1261203	Levkas	126012	99126
1261204	Zakinthos	126012	99126
1261301	Iraklion	126013	99126
1261302	Khania	126013	99126
1261303	Lasithi	126013	99126
1261304	Rethimni	126013	99126
1261401	Agion Oros	126014	99126
1270001	Torino	127001	99127
1270002	Vercelli	127001	99127
1270003	Novara	127001	99127
1270004	Cuneo	127001	99127
1270005	Asti	127001	99127
1270006	Alessandria	127001	99127
1270007	Valle d'Aosta	127002	99127
1270008	Imperia	127007	99127
1270009	Savona	127007	99127
1270010	Genova	127007	99127
1270011	La Spezia	127007	99127
1270012	Varese	127003	99127
1270013	Como	127003	99127
1270014	Sondrio	127003	99127
1270015	Milano	127003	99127
1270016	Bergamo	127003	99127
1270017	Brescia	127003	99127
1270018	Pavia	127003	99127
1270019	Cremona	127003	99127
1270020	Mantova	127003	99127
1270021	Bolzano	127004	99127
1270022	Trento	127004	99127
1270023	Verona	127005	99127
1270024	Vicenza	127005	99127
1270025	Belluno	127005	99127
1270026	Treviso	127005	99127
1270027	Venezia	127005	99127
1270028	Padova	127005	99127
1270029	Rovigo	127005	99127
1270030	Udine	127006	99127
1270031	Gorizia	127006	99127
1270032	Trieste	127006	99127
1270033	Piacenza	127008	99127
1270034	Parma	127008	99127
1270035	Reggio Emilia	127008	99127
1270036	Modena	127008	99127
1270037	Bologna	127008	99127
1270038	Ferrara	127008	99127
1270039	Ravenna	127008	99127
1270040	Forlì-Cesena	127008	99127
1270041	Pesaro e Urbino	127011	99127
1270042	Ancona	127011	99127
1270043	Macerata	127011	99127
1270044	Ascoli Piceno	127011	99127
1270045	Massa-Carrara	127009	99127
1270046	Lucca	127009	99127
1270047	Pistoia	127009	99127
1270048	Firenze	127009	99127
1270049	Livorno	127009	99127
1270050	Pisa	127009	99127
1270051	Arezzo	127009	99127
1270052	Siena	127009	99127
1270053	Grosseto	127009	99127
1270054	Perugia	127010	99127
1270055	Terni	127010	99127
1270056	Viterbo	127012	99127
1270057	Rieti	127012	99127
1270058	Roma	127012	99127
1270059	Latina	127012	99127
1270060	Frosinone	127012	99127
1270061	Caserta	127015	99127
1270062	Benevento	127015	99127
1270063	Napoli	127015	99127
1270064	Avellino	127015	99127
1270065	Salerno	127015	99127
1270066	L'Aquila	127013	99127
1270067	Teramo	127013	99127
1270068	Pescara	127013	99127
1270069	Chieti	127013	99127
1270070	Campobasso	127014	99127
1270071	Foggia	127016	99127
1270072	Bari	127016	99127
1270073	Taranto	127016	99127
1270074	Brindisi	127016	99127
1270075	Lecce	127016	99127
1270076	Potenza	127017	99127
1270077	Matera	127017	99127
1270078	Cosenza	127018	99127
1270079	Catanzaro	127018	99127
1270080	Reggio Calabria	127018	99127
1270081	Trapani	127019	99127
1270082	Palermo	127019	99127
1270083	Messina	127019	99127
1270084	Agrigento	127019	99127
1270085	Caltanissetta	127019	99127
1270086	Enna	127019	99127
1270087	Catania	127019	99127
1270088	Ragusa	127019	99127
1270089	Siracusa	127019	99127
1270090	Sassari	127020	99127
1270091	Nuoro	127020	99127
1270092	Cagliari	127020	99127
1270093	Pordenone	127006	99127
1270094	Isernia	127014	99127
1270095	Oristano	127020	99127
1270096	Biella	127001	99127
1270097	Lecco	127003	99127
1270098	Lodi	127003	99127
1270099	Rimini	127008	99127
1270100	Prato	127009	99127
1270101	Crotone	127018	99127
1270102	Vibo Valentia	127018	99127
1270103	Verbano-Cusio-Ossola	127001	99127
10000	Anvers	2000	99131
20001	Brabant Flamand	2000	99131
30000	Flandre Occidentale	2000	99131
40000	Flandre Orientale	2000	99131
70000	Limbourg	2000	99131
20002	Brabant Wallon	3000	99131
50000	Hainaut	3000	99131
60000	Liège	3000	99131
80000	Luxembourg	3000	99131
90000	Namur	3000	99131
1320101	Alderney	132001	99132
1320102	Guernsey	132001	99132
1320103	Jersey	132001	99132
1320104	Sark	132001	99132
1320201	Avon	132002	99132
1320202	Bedfordshire	132002	99132
1320203	Berkshire	132002	99132
1320204	Buckinghamshire	132002	99132
1320205	Cambridgeshire	132002	99132
1320206	Cheshire	132002	99132
1320207	Cleveland	132002	99132
1320208	Cornwall	132002	99132
1320209	Cumberland	132002	99132
1320210	Cumbria	132002	99132
1320211	Derbyshire	132002	99132
1320212	Devon	132002	99132
1320213	Dorset	132002	99132
1320214	Durham	132002	99132
1320215	East Riding of Yorkshire	132002	99132
1320216	East Sussex	132002	99132
1320217	Essex	132002	99132
1320218	Gloucestershire	132002	99132
1320219	Greater Manchester	132002	99132
1320220	Hampshire	132002	99132
1320221	Hereford and Worcester	132002	99132
1320222	Herefordshire	132002	99132
1320223	Hertfordshire	132002	99132
1320224	Humberside	132002	99132
1320225	Huntingdonshire	132002	99132
1320226	Isle of Wight	132002	99132
1320227	Kent	132002	99132
1320228	Lancashire	132002	99132
1320229	Leicestershire	132002	99132
1320230	Lincolnshire	132002	99132
1320231	Merseyside	132002	99132
1320232	Norfolk	132002	99132
1320233	North Riding of Yorkshire	132002	99132
1320234	North Yorkshire	132002	99132
1320235	Northamptonshire	132002	99132
1320236	Northumberland	132002	99132
1320237	Nottinghamshire	132002	99132
1320238	Oxfordshire	132002	99132
1320239	Rutland	132002	99132
1320240	Shropshire	132002	99132
1320241	Somerset	132002	99132
1320242	South Yorkshire	132002	99132
1320243	Staffordshire	132002	99132
1320244	Suffolk	132002	99132
1320245	Surrey	132002	99132
1320246	Sussex	132002	99132
1320247	Tyne and Wear	132002	99132
1320248	Warwickshire	132002	99132
1320249	West Midlands	132002	99132
1320250	West Riding of Yorkshire	132002	99132
1320251	West Sussex	132002	99132
1320252	West Yorkshire	132002	99132
1320253	Westmorland	132002	99132
1320254	Wiltshire	132002	99132
1320255	Worcestershire	132002	99132
1320256	Yorkshire	132002	99132
1320301	Isle of Man	132003	99132
1320401	Aberdeenshire	132004	99132
1320402	Angus	132004	99132
1320403	Argyllshire	132004	99132
1320404	Ayrshire	132004	99132
1320405	Banffshire	132004	99132
1320406	Berwickshire	132004	99132
1320407	Borders	132004	99132
1320408	Bute	132004	99132
1320409	Caithness	132004	99132
1320410	Central	132004	99132
1320411	Clackmannanshire	132004	99132
1320412	Dumfries and Galloway	132004	99132
1320413	Dumfries-shire	132004	99132
1320414	Dunbartonshire	132004	99132
1320415	East Lothian	132004	99132
1320416	Fifeshire	132004	99132
1320417	Grampian	132004	99132
1320418	Highland	132004	99132
1320419	Inverness-shire	132004	99132
1320420	Kincardineshire	132004	99132
1320421	Kinross-shire	132004	99132
1320422	Kirkcudbrightshire	132004	99132
1320423	Lanarkshire	132004	99132
1320424	Lothian	132004	99132
1320425	Midlothian	132004	99132
1320426	Morayshire	132004	99132
1320427	Nairn	132004	99132
1320428	Orkney Isles	132004	99132
1320429	Peebles-shire	132004	99132
1320430	Perth	132004	99132
1320431	Renfrewshire	132004	99132
1320432	Ross and Cromarty	132004	99132
1320433	Roxburghshire	132004	99132
1320434	Selkirkshire	132004	99132
1320435	Shetland Isles	132004	99132
1320436	Stirlingshire	132004	99132
1320437	Strathclyde	132004	99132
1320438	Sutherland	132004	99132
1320439	Tayside	132004	99132
1320440	West Lothian	132004	99132
1320441	Western Isles	132004	99132
1320442	Wigtownshire	132004	99132
1320501	Antrim	132005	99132
1320502	Armagh	132005	99132
1320503	Down	132005	99132
1320504	Fermanagh	132005	99132
1320505	Londonderry	132005	99132
1320506	Tyrone	132005	99132
1320601	Anglesey	132006	99132
1320602	Breconshire	132006	99132
1320603	Caernarvonshire	132006	99132
1320604	Cardiganshire	132006	99132
1320605	Carmarthenshire	132006	99132
1320606	Clwyd	132006	99132
1320607	Denbighshire	132006	99132
1320608	Dyfed	132006	99132
1320609	Flintshire	132006	99132
1320610	Glamorgan	132006	99132
1320611	Gwent	132006	99132
1320612	Gwynedd	132006	99132
1320613	Merionethshire	132006	99132
1320614	Mid Glamorgan	132006	99132
1320615	Monmouthshire	132006	99132
1320616	Montgomeryshire	132006	99132
1320617	Pembrokeshire	132006	99132
1320618	Powys	132006	99132
1320619	Radnorshire	132006	99132
1320620	South Glamorgan	132006	99132
1320621	West Glamorgan	132006	99132
1340101	Almería	134001	99134
1340102	Cádiz	134001	99134
1340103	Córdoba	134001	99134
1340104	Granada	134001	99134
1340105	Huelva	134001	99134
1340106	Jaén	134001	99134
1340107	Málaga	134001	99134
1340108	Sevilla	134001	99134
1340201	Huesca	134002	99134
1340202	Teruel	134002	99134
1340203	Zaragoza	134002	99134
1340301	Asturias	134003	99134
1340401	Islas Baleares	134004	99134
1340501	Barcelona	134005	99134
1340502	Gerona	134005	99134
1340503	Lérida	134005	99134
1340504	Tarragona	134005	99134
1340601	Albacete	134006	99134
1340602	Ciudad Real	134006	99134
1340603	Cuenca	134006	99134
1340604	Guadalajara	134006	99134
1340605	Toledo	134006	99134
1340701	Las Palmas	134007	99134
1340702	Tenerife	134007	99134
1340801	Cantabria	134008	99134
1340901	Ávila	134009	99134
1340902	Burgos	134009	99134
1340903	León	134009	99134
1340904	Palencia	134009	99134
1340905	Salamanca	134009	99134
1340906	Segovia	134009	99134
1340907	Soria	134009	99134
1340908	Valladolid	134009	99134
1340909	Zamora	134009	99134
1341001	Badajoz	134010	99134
1341002	Cáceres	134010	99134
1341101	La Coruña	134011	99134
1341102	Lugo	134011	99134
1341103	Orense	134011	99134
1341104	Pontevedra	134011	99134
1341201	La Rioja	134012	99134
1341301	Madrid	134013	99134
1341401	Murcia	134014	99134
1341501	Navarra	134015	99134
1341601	Álava	134016	99134
1341602	Guipúzcoa	134016	99134
1341603	Vizcaya	134016	99134
1341701	Alicante	134017	99134
1341702	Castellón	134017	99134
1341703	Valencia	134017	99134
1341801	Ceuta	134018	99134
1341802	Melilla	134018	99134
1360101	Galway	136001	99136
1360102	Leitrim	136001	99136
1360103	Mayo	136001	99136
1360104	Roscommon	136001	99136
1360105	Sligo	136001	99136
1360201	Carlow	136002	99136
1360202	Dublin	136002	99136
1360203	Kildare	136002	99136
1360204	Kilkenny	136002	99136
1360205	Laois	136002	99136
1360206	Longford	136002	99136
1360207	Louth	136002	99136
1360208	Meath	136002	99136
1360209	Offaly	136002	99136
1360210	Westmeath	136002	99136
1360211	Wexford	136002	99136
1360212	Wicklow	136002	99136
1360301	Clare	136003	99136
1360302	Cork	136003	99136
1360303	Kerry	136003	99136
1360304	Limerick	136003	99136
1360305	Tipperary	136003	99136
1360306	Waterford	136003	99136
1360401	Antrim	136004	99136
1360402	Armagh	136004	99136
1360403	Cavan	136004	99136
1360404	Derry	136004	99136
1360405	Donegal	136004	99136
1360406	Down	136004	99136
1360407	Fermanagh	136004	99136
1360408	Monoghan	136004	99136
1360409	Tyrone	136004	99136
14020	Tessin	1401	99140
14000	Argovie	1402	99140
14001	Appenzell Rhodes-Intérieur	1402	99140
14002	Appenzell Rhodes-Extérieur	1402	99140
14003	Berne	1402	99140
14004	Bâle-Campagne	1402	99140
14005	Bâle-Ville	1402	99140
14008	Glaris	1402	99140
14011	Lucerne	1402	99140
14013	Nidwald	1402	99140
14014	Obwald	1402	99140
14015	Saint-Gall	1402	99140
14016	Schaffhouse	1402	99140
14017	Soleure	1402	99140
14018	Schwytz	1402	99140
14019	Thurgovie	1402	99140
14021	Uri	1402	99140
14024	Zoug	1402	99140
14025	Zurich	1402	99140
14006	Fribourg	1403	99140
14007	Genève	1403	99140
14010	Jura	1403	99140
14012	Neuchâtel	1403	99140
14022	Vaud	1403	99140
14023	Valais	1403	99140
14009	Grisons	1404	99140
327001	Alibori	327001	99327
327002	Atacora	327001	99327
327003	Atlantique	327001	99327
327004	Borgou	327001	99327
327005	Collines	327001	99327
327006	Couffo	327001	99327
327007	Donga	327001	99327
327008	Littoral	327001	99327
327009	Mono	327001	99327
327010	Oueme	327001	99327
327011	Plateau	327001	99327
327012	Zou	327001	99327
35201	Wilaya d'Annaba	352001	99352
35202	Wilaya de Chlef	352001	99352
35203	Wilaya de Laghouat	352001	99352
35204	Wilaya d'Oum El-Bouaghi	352001	99352
35205	Wilaya de Batna	352001	99352
35206	Wilaya de Bejaïa	352001	99352
35207	Wilaya de Biskra	352001	99352
35208	Wilaya de Béchar	352001	99352
35209	Wilaya de Blida	352001	99352
35210	Wilaya de Bouira	352001	99352
35211	Wilaya de Tamanrasset	352001	99352
35212	Wilaya de Tébessa	352001	99352
35213	Wilaya de Tlemcen	352001	99352
35214	Wilaya de Tiaret	352001	99352
35215	Wilaya de Tizi-Ouzou	352001	99352
35216	Wilaya d'Alger	352001	99352
35217	Wilaya de Djelfa	352001	99352
35218	Wilaya de Jijel	352001	99352
35219	Wilaya de Sétif	352001	99352
35220	Wilaya de Saïda	352001	99352
35221	Wilaya de Skikda	352001	99352
35222	Wilaya de Sidi Bel-Abbès	352001	99352
35223	Wilaya d'Adrar	352001	99352
35224	Wilaya de Guelma	352001	99352
35225	Wilaya de Constantine	352001	99352
35226	Wilaya de Médéa	352001	99352
35227	Wilaya de Mostaganem	352001	99352
35228	Wilaya de M'Sila	352001	99352
35229	Wilaya de Mascara	352001	99352
35230	Wilaya de Ouargla	352001	99352
35231	Wilaya d'Oran	352001	99352
35232	Wilaya de Aïn Defla	352001	99352
35233	Wilaya de Aïn Temouchent	352001	99352
35234	Wilaya de Bordj Bou Arréridj	352001	99352
35235	Wilaya de Boumerdes	352001	99352
35236	Wilaya d'El Bayadh	352001	99352
35237	Wilaya d'El Oued	352001	99352
35238	Wilaya d'El Tarf	352001	99352
35239	Wilaya de Ghardaïa	352001	99352
35240	Wilaya d'Illizi	352001	99352
35241	Wilaya de Khenchela	352001	99352
35242	Wilaya de Mila	352001	99352
35243	Wilaya de Naama	352001	99352
35244	Wilaya de Relizane	352001	99352
35245	Wliaya de Souk Ahras	352001	99352
35246	Wilaya de Tindouf	352001	99352
35247	Wilaya de Tipaza	352001	99352
35248	Wilaya de Tissemsilt	352001	99352
